22 14010108
22 14012536
22 14016987
22 14017552
22 14018830
22 14019920
22 14032172
22 14034098
22 14045294
22 14050608
22 14050836
22 14056365
22 14060222
22 14066705
22 14079204
22 14080958
22 14081058
22 14081515
22 14087617
22 14090172
22 14109660
22 14123280
22 14127894
22 14130341
22 14134681
22 14146117
22 14148059
22 14150790
22 14153629
22 14156295
22 14156979
22 14157897
22 14161853
22 14162811
22 14174631
22 14176454
22 14187743
22 14191638
22 14203093
22 14209456
22 14225159
22 14231476
22 14234310
22 14238489
22 14249478
22 14250972
22 14257336
22 14265270
22 14266592
22 14268795
22 14269635
22 14278309
22 14282559
22 14283656
22 14293128
22 14297523
22 14304508
22 14310520
22 14313029
22 14317402
22 14317700
22 14323420
22 14325131
22 14333742
22 14335853
22 14341719
22 14346363
22 14352078
22 14352488
22 14356935
22 14366748
22 14367127
22 14369692
22 14379190
22 14389596
22 14395396
22 14397981
22 14402201
22 14405199
22 14405731
22 14413224
22 14420890
22 14429772
22 14432627
22 14433606
22 14439036
22 14443425
22 14446933
22 14460954
22 14461382
22 14461651
22 14464815
22 14471435
22 14472790
22 14474825
22 14478193
22 14482160
22 14485031
22 14487620
22 14496392
22 14511538
22 14511949
22 14515664
22 14516190
22 14517147
22 14527718
22 14528866
22 14529821
22 14530042
22 14532568
22 14539949
22 14549211
22 14558396
22 14565872
22 14568737
22 14570130
22 14570142
22 14591333
22 14591590
22 14600739
22 14620891
22 14627043
22 14640357
22 14642669
22 14643655
22 14644690
22 14652824
22 14661348
22 14667274
22 14672683
22 14679207
22 14685779
22 14689056
22 14690633
22 14703873
22 14707878
22 14714597
22 14723260
22 14729908
22 14734371
22 14734378
22 14734536
22 14750703
22 14750727
22 14752809
22 14757491
22 14758540
22 14784048
22 14784706
22 14794926
22 14798629
22 14808222
22 14812810
22 14813625
22 14829556
22 14839484
22 14839648
22 14853536
22 14854990
22 14862919
22 14867615
22 14869706
22 14888220
22 14889518
22 14894055
22 14906334
22 14923492
22 14928776
22 14933089
22 14935226
22 14940632
22 14957246
22 14958088
22 14966002
22 14967448
22 14973558
22 14981275
22 14985004
22 14985137
22 14986980
22 14997835
22 15014963
22 15021801
22 15022644
22 15023169
22 15026307
22 15037426
22 15038575
22 15040127
22 15041404
22 15043710
22 15045211
22 15055790
22 15058912
22 15061488
22 15063110
22 15068119
22 15068880
22 15069680
22 15071039
22 15073748
22 15075882
22 15079946
22 15080642
22 15084532
22 15091420
22 15101748
22 15103648
22 15108409
22 15116814
22 15121114
22 15129168
22 15136436
22 15136972
22 15143612
22 15147968
22 15150538
22 15156297
22 15162364
22 15168227
22 15169040
22 15181647
22 15185679
22 15186743
22 15186911
22 15194577
22 15196888
22 15201256
22 15202757
22 15204262
22 15205820
22 15212644
22 15213922
22 15214221
22 15217534
22 15218307
22 15227888
22 15228352
22 15231486
22 15232655
22 15240372
22 15240633
22 15253401
22 15257258
22 15264567
22 15275863
22 15288747
22 15301145
22 15301744
22 15304920
22 15306334
22 15309977
22 15310564
22 15310777
22 15311445
22 15314087
22 15314495
22 15317573
22 15319404
22 15323651
22 15325534
22 15329115
22 15329764
22 15332421
22 15341730
22 15346280
22 15346361
22 15349160
22 15350638
22 15352070
22 15363000
22 15381288
22 15384610
22 15386781
22 15389477
22 15389880
22 15396053
22 15396747
22 15399533
22 15410296
22 15419870
22 15421985
22 15428625
22 15433067
22 15439557
22 15440715
22 15443069
22 15454808
22 15456012
22 15456569
22 15461410
22 15462677
22 15467837
22 15473919
22 15479419
22 15482587
22 15483075
22 15499951
22 15505245
22 15509948
22 15510391
22 15519938
22 15520542
22 15523807
22 15532024
22 15542954
22 15546795
22 15549257
22 15555811
22 15592332
22 15600860
22 15609314
22 15614773
22 15619240
22 15626359
22 15638223
22 15643082
22 15643915
22 15643937
22 15647774
22 15652100
22 15653824
22 15664248
22 15664461
22 15673921
22 15674403
22 15679075
22 15679293
22 15683901
22 15689678
22 15691341
22 15696902
22 15698127
22 15702532
22 15709116
22 15710947
22 15711182
22 15717707
22 15723823
22 15724625
22 15735330
22 15745301
22 15746498
22 15763230
22 15771547
22 15773652
22 15778815
22 15787834
22 15789174
22 15802059
22 15804722
22 15811390
22 15811453
22 15819906
22 15827143
22 15828368
22 15829003
22 15829346
22 15830178
22 15835998
22 15842666
22 15847052
22 15859031
22 15861738
22 15875558
22 15877222
22 15892480
22 15892954
22 15901451
22 15919006
22 15929686
22 15938193
22 15941824
22 15946265
22 15946985
22 15948890
22 15957037
22 15957662
22 15962181
22 15963926
22 15966305
22 15966860
22 15978503
22 15989863
22 15996493
22 16007598
22 16010641
22 16015388
22 16029054
22 16031447
22 16047026
22 16048457
22 16050403
22 16050410
22 16059266
22 16064726
22 16065577
22 16066954
22 16068967
22 16069841
22 16073796
22 16075833
22 16076085
22 16078207
22 16084739
22 16084839
22 16093214
22 16094572
22 16104012
22 16111068
22 16115835
22 16123223
22 16127048
22 16137264
22 16138527
22 16143330
22 16146490
22 16147816
22 16148364
22 16151748
22 16167272
22 16172825
22 16174084
22 16176265
22 16177064
22 16178702
22 16180683
22 16184105
22 16193661
22 16197657
22 16201174
22 16202089
22 16202946
22 16203444
22 16205850
22 16207852
22 16224390
22 16228640
22 16244046
22 16270954
22 16272367
22 16277322
22 16277841
22 16279495
22 16282249
22 16286110
22 16290607
22 16291235
22 16292032
22 16296812
22 16297451
22 16303044
22 16307687
22 16309645
22 16316336
22 16318050
22 16321358
22 16322180
22 16322348
22 16335314
22 16337135
22 16343462
22 16345992
22 16350725
22 16358733
22 16368711
22 16372254
22 16372438
22 16376859
22 16382783
22 16383293
22 16387460
22 16392833
22 16410360
22 16420918
22 16421465
22 16424646
22 16429103
22 16431940
22 16438276
22 16453093
22 16459985
22 16469847
22 16485995
22 16492519
22 16497936
22 16500726
22 16502619
22 16527253
22 16527527
22 16533619
22 16536500
22 16560364
22 16573067
22 16582558
22 16584464
22 16592675
22 16602733
22 16612964
22 16617292
22 16619255
22 16624174
22 16627078
22 16628554
22 16630910
22 16632066
22 16632233
22 16638333
22 16647636
22 16652359
22 16660215
22 16663280
22 16663882
22 16672647
22 16676401
22 16684062
22 16685221
22 16686256
22 16688249
22 16696586
22 16697991
22 16698468
22 16699270
22 16700959
22 16707155
22 16714617
22 16716942
22 16717368
22 16734370
22 16739022
22 16744976
22 16746854
22 16750158
22 16753016
22 16753609
22 16758794
22 16759380
22 16772706
22 16777372
22 16779418
22 16780071
22 16780779
22 16788728
22 16789928
22 16805888
22 16806071
22 16810189
22 16812379
22 16817162
22 16828321
22 16829929
22 16830546
22 16832968
22 16844070
22 16871652
22 16872288
22 16873807
22 16878885
22 16883732
22 16885509
22 16889756
22 16894592
22 16900004
22 16902649
22 16903868
22 16909975
22 16912075
22 16915956
22 16919513
22 16924540
22 16929769
22 16930853
22 16938983
22 16945487
22 16945685
22 16949670
22 16952166
22 16953131
22 16958067
22 16962550
22 16979350
22 16982575
22 16984104
22 16986825
22 16987360
22 16987919
22 16991262
22 17009439
22 17011550
22 17023205
22 17027539
22 17038630
22 17051455
22 17055361
22 17060864
22 17061423
22 17066385
22 17069329
22 17070990
22 17079501
22 17085276
22 17090880
22 17093256
22 17097519
22 17098187
22 17099902
22 17099944
22 17106267
22 17107393
22 17108955
22 17110595
22 17112269
22 17125649
22 17128184
22 17138075
22 17138958
22 17147070
22 17153209
22 17153435
22 17157635
22 17160999
22 17162582
22 17187489
22 17197975
22 17203230
22 17209177
22 17211923
22 17215714
22 17221021
22 17227653
22 17229024
22 17229079
22 17236963
22 17238235
22 17262770
22 17263267
22 17265315
22 17268272
22 17273859
22 17278083
22 17283262
22 17285369
22 17285418
22 17287772
22 17291355
22 17291815
22 17296066
22 17297005
22 17297690
22 17312981
22 17316265
22 17324615
22 17329871
22 17335522
22 17340857
22 17357453
22 17357544
22 17370969
22 17372286
22 17389549
22 17394838
22 17401881
22 17406359
22 17407689
22 17408029
22 17413472
22 17414203
22 17425870
22 17432328
22 17440800
22 17441483
22 17449861
22 17450284
22 17453440
22 17455419
22 17456703
22 17459126
22 17476765
22 17484409
22 17491694
22 17507259
22 17518808
22 17523962
22 17538393
22 17547627
22 17548145
22 17569905
22 17572334
22 17576883
22 17577841
22 17585451
22 17590578
22 17591086
22 17598697
22 17606725
22 17607951
22 17609115
22 17611673
22 17616153
22 17619602
22 17624306
22 17625431
22 17634599
22 17636282
22 17645165
22 17649298
22 17651063
22 17655396
22 17658735
22 17666197
22 17666974
22 17668692
22 17668712
22 17678074
22 17678115
22 17684953
22 17687114
22 17687708
22 17688046
22 17689382
22 17691143
22 17694049
22 17699487
22 17708139
22 17710132
22 17710889
22 17712373
22 17713295
22 17714450
22 17715537
22 17724284
22 17728510
22 17730163
22 17731311
22 17738059
22 17738636
22 17740160
22 17740285
22 17741439
22 17748257
22 17749291
22 17754261
22 17760209
22 17761973
22 17768834
22 17778589
22 17781303
22 17783295
22 17788372
22 17793706
22 17795453
22 17803481
22 17803782
22 17806393
22 17810516
22 17812344
22 17814074
22 17814191
22 17816759
22 17823362
22 17827819
22 17829487
22 17831018
22 17850892
22 17852552
22 17852597
22 17870024
22 17872335
22 17883586
22 17889833
22 17893668
22 17893686
22 17896599
22 17898812
22 17899851
22 17904094
22 17909244
22 17911889
22 17913544
22 17918628
22 17926137
22 17945886
22 17948398
22 17967986
22 17968700
22 17976863
22 17987143
22 17991748
22 17993419
22 17995446
22 18003577
22 18004130
22 18010850
22 18016415
22 18020151
22 18027466
22 18029497
22 18031134
22 18033128
22 18033475
22 18036769
22 18039552
22 18042144
22 18052084
22 18054802
22 18064331
22 18065931
22 18067555
22 18072743
22 18081183
22 18083749
22 18085704
22 18085733
22 18085960
22 18088632
22 18088808
22 18092027
22 18095618
22 18099351
22 18100566
22 18108902
22 18109538
22 18118203
22 18119449
22 18120838
22 18126833
22 18127423
22 18153846
22 18154713
22 18159523
22 18171450
22 18174673
22 18175828
22 18178820
22 18192555
22 18192799
22 18195216
22 18196698
22 18205313
22 18208085
22 18211437
22 18213940
22 18217167
22 18221503
22 18227724
22 18232729
22 18237715
22 18239659
22 18240165
22 18242435
22 18244201
22 18244951
22 18256367
22 18264523
22 18265681
22 18268091
22 18274537
22 18283209
22 18289829
22 18291667
22 18302490
22 18313471
22 18315106
22 18325888
22 18329320
22 18336315
22 18338757
22 18342027
22 18347354
22 18349505
22 18350072
22 18351184
22 18357993
22 18362760
22 18363187
22 18366980
22 18371143
22 18371579
22 18374874
22 18384519
22 18400387
22 18404030
22 18409817
22 18412299
22 18412720
22 18425105
22 18434848
22 18434858
22 18440285
22 18441216
22 18452636
22 18461701
22 18480085
22 18481179
22 18481963
22 18484139
22 18494480
22 18500830
22 18503948
22 18508910
22 18509180
22 18509474
22 18510870
22 18518954
22 18519884
22 18521386
22 18522325
22 18523463
22 18525337
22 18527197
22 18538874
22 18540474
22 18542048
22 18545189
22 18545380
22 18548977
22 18551470
22 18552196
22 18552285
22 18560501
22 18566727
22 18570310
22 18571081
22 18571136
22 18573303
22 18585491
22 18588930
22 18591184
22 18598419
22 18602504
22 18604175
22 18610483
22 18612149
22 18613870
22 18614942
22 18619884
22 18628714
22 18628892
22 18636454
22 18637486
22 18642235
22 18650820
22 18652244
22 18655536
22 18655641
22 18669719
22 18677510
22 18679841
22 18691320
22 18692370
22 18718541
22 18736342
22 18742962
22 18743671
22 18746728
22 18749948
22 18757068
22 18758386
22 18776869
22 18792715
22 18794314
22 18802000
22 18810783
22 18819842
22 18828687
22 18830903
22 18838064
22 18840582
22 18847291
22 18847827
22 18851071
22 18856128
22 18865920
22 18872658
22 18880565
22 18887786
22 18905011
22 18905399
22 18905566
22 18907551
22 18908993
22 18909889
22 18911218
22 18921481
22 18928956
22 18931896
22 18935274
22 18936058
22 18939309
22 18940423
22 18949564
22 18953087
22 18953248
22 18955261
22 18958051
22 18960311
22 18980265
22 18981243
22 18984741
22 18989278
